                                           coef  exp(coef)  se(coef)  coef lower 95%  coef upper 95%  exp(coef) lower 95%  exp(coef) upper 95%  cmp to          z             p    -log2(p)
covariate                                                                                                                                                                                  
SeniorCitizen                          0.081384   1.084788  0.054704       -0.025833        0.188601             0.974498             1.207560     0.0   1.487733  1.368214e-01    2.869634
MonthlyCharges                         0.036422   1.037093  0.002445        0.031629        0.041214             1.032135             1.042075     0.0  14.895361  3.532691e-50  164.275637
TotalCharges                          -0.001628   0.998373  0.000040       -0.001705       -0.001550             0.998296             0.998451     0.0 -41.189949  0.000000e+00         inf
Contract_One year                     -1.351262   0.258913  0.099225       -1.545740       -1.156785             0.213154             0.314496     0.0 -13.618180  3.122539e-42  137.878260
Contract_Two year                     -3.833315   0.021638  0.199341       -4.224015       -3.442615             0.014640             0.031981     0.0 -19.229978  2.077182e-82  271.343476
InternetService_Fiber optic            0.690027   1.993770  0.099968        0.494093        0.885961             1.639012             2.425314     0.0   6.902478  5.110308e-12   37.509727
InternetService_No                    -1.394099   0.248057  0.144935       -1.678165       -1.110032             0.186716             0.329548     0.0  -9.618811  6.659672e-22   70.346967
PaymentMethod_Credit card (automatic)  0.010824   1.010883  0.090641       -0.166830        0.188478             0.846344             1.207411     0.0   0.119419  9.049434e-01    0.144101
PaymentMethod_Electronic check         0.431931   1.540229  0.072375        0.290078        0.573784             1.336531             1.774971     0.0   5.967920  2.402966e-09   28.632537
PaymentMethod_Mailed check             0.522755   1.686668  0.086414        0.353387        0.692123             1.423882             1.997953     0.0   6.049434  1.453560e-09   29.357762